/**
 * Pre-computed model visualization data.
 * Generated from Lasso/Ridge analysis on 4,199 hours of training data.
 * @module model-viz-data
 */

export const CORRELATION = {
    columns: ["price", "price_lag_1h", "price_lag_24h", "price_lag_168h", "rolling_mean_6h", "rolling_mean_24h", "hour", "is_weekend", "wind_speed", "solar_ghi", "load_forecast"],
    values: [[1.0,0.937,0.621,0.282,0.829,0.675,0.16,-0.076,0.013,-0.056,0.243],[0.937,1.0,0.596,0.252,0.913,0.695,0.205,-0.075,0.021,-0.089,0.24],[0.621,0.596,1.0,0.264,0.524,0.666,0.158,-0.025,0.184,-0.047,0.256],[0.282,0.252,0.264,1.0,0.146,0.062,0.157,-0.092,0.143,0.023,0.27],[0.829,0.913,0.524,0.146,1.0,0.796,0.232,-0.083,0.04,-0.023,0.237],[0.675,0.695,0.666,0.062,0.796,1.0,0.002,-0.062,0.135,0.146,0.258],[0.16,0.205,0.158,0.157,0.232,0.002,1.0,0.002,0.016,0.052,0.061],[-0.076,-0.075,-0.025,-0.092,-0.083,-0.062,0.002,1.0,-0.052,0.013,-0.03],[0.013,0.021,0.184,0.143,0.04,0.135,0.016,-0.052,1.0,0.12,0.777],[-0.056,-0.089,-0.047,0.023,-0.023,0.146,0.052,0.013,0.12,1.0,0.221],[0.243,0.24,0.256,0.27,0.237,0.258,0.061,-0.03,0.777,0.221,1.0]],
};

// Feature importance at multiple forecast horizons (Lasso |coef|, top 8 per horizon)
export const FEATURE_IMPORTANCE_BY_HORIZON = {
    horizons: ['1h', '6h', '24h', '48h'],
    r2: [0.810, 0.585, 0.353, 0.213],
    features: [
        'rolling mean 6h', 'price lag 3h', 'price lag 2h', 'price lag 6h',
        'price lag 1h', 'rolling mean 24h', 'rolling std 6h', 'wind speed',
        'price lag 12h', 'price lag 24h', 'solar ghi', 'hour',
        'price lag 168h', 'load forecast', 'is weekend',
    ],
    // importance[horizon_idx][feature_idx] — 0 if not in top or dropped
    values: {
        '1h':  [100.25, 51.43, 28.17, 16.84, 14.68, 11.54, 4.71, 4.26, 0, 0, 0, 0, 0, 0, 0],
        '6h':  [30.56, 12.28, 0, 14.83, 0, 52.17, 0, 0, 23.29, 16.29, 8.22, 6.93, 0, 0, 0],
        '24h': [0, 0, 0, 0, 19.03, 0, 0, 0, 0, 5.39, 0, 0, 1.96, 1.49, 0],
        '48h': [0, 0, 0, 0, 12.10, 0, 0, 0, 0, 2.76, 0, 0, 3.28, 1.56, 0.68],
    },
};

export const HOURLY_PROFILE = {
    hours: [0,1,2,3,4,5,6,7,8,9,10,11,12,13,14,15,16,17,18,19,20,21,22,23],
    mean: [85.56,82.68,80.76,81.35,87.25,100.47,114.99,118.01,108.96,97.37,87.93,83.02,83.53,90.79,103.32,120.71,141.14,146.0,129.87,114.0,104.5,100.02,91.9,86.85],
    std: [41.33,41.19,41.0,41.01,40.84,46.14,49.96,45.01,41.85,41.33,41.16,40.94,41.0,41.0,41.8,44.88,55.97,61.33,46.18,39.39,36.8,36.98,38.36,38.72],
    min: [-4.06,-4.37,-4.84,-4.23,-3.84,-2.22,-0.8,-1.34,-3.68,-2.02,-4.1,-15.73,-9.06,-4.61,-2.24,-0.04,1.21,5.81,1.83,-0.01,-0.01,-0.52,-0.66,-2.79],
    max: [241.59,231.85,217.41,215.69,214.8,234.55,286.2,250.5,242.5,236.55,225.51,214.44,225.0,249.01,247.36,285.65,329.02,371.73,282.77,256.38,246.64,241.63,230.77,248.79],
};

export const LEARNING_CURVE = {
    x: [50,100,150,200,250,300,350,400,450,499],
    y: [20.95,29.82,15.41,21.56,24.5,21.88,19.27,22.07,26.94,22.77],
};

export const WIND_VS_PRICE = {
    wind: [14.43,15.3,11.7,5.07,20.08,12.28,11.6,11.79,13.16,13.26,10.43,9.94,8.97,12.96,10.53,4.87,1.85,10.23,13.26,10.14,8.28,7.21,9.36,9.26,6.73,12.67,6.82,7.51,8.28,8.09,4.37,8.38,13.45,3.31,12.38,10.72,9.36,7.7,7.21,13.94,14.04,12.96,8.28,16.96,9.94,10.23,13.55,10.43,14.82,13.65,8.87,7.6,14.82,16.37,9.16,3.7,14.91,7.02,7.31,11.11,11.31,11.21,10.23,4.97,6.92,10.72,5.36,11.01,15.11,5.26,10.72,9.45,10.53,14.43,10.53,9.55,12.67,4.29,15.01,1.46,9.45,7.99,11.41,17.25,7.87,4.97,14.04,13.45,3.31,17.74,10.53,6.14,8.28,12.48,9.45,15.59,9.75,8.87,10.14,12.96],
    price: [107.66,76.41,42.5,81.6,69.37,111.25,89.91,88.3,112.06,100.22,105.28,110.0,144.3,0.95,122.59,118.7,144.6,75.16,86.33,58.6,135.03,106.6,73.39,89.02,89.38,89.14,143.61,116.44,104.87,108.98,127.32,84.52,86.02,171.0,97.1,227.57,241.91,121.59,147.03,2.56,109.56,88.84,140.79,70.97,99.94,86.98,100.52,112.45,76.49,96.85,112.83,108.2,103.09,41.0,93.33,118.04,46.64,108.5,88.8,123.23,85.68,103.98,119.59,115.8,126.27,112.35,86.92,118.42,84.86,51.47,94.01,89.9,97.17,88.17,77.6,88.32,186.85,112.9,87.42,207.72,217.73,157.3,52.1,34.72,86.44,154.81,103.06,92.98,119.66,34.21,110.7,247.36,95.07,109.26,106.64,113.98,107.1,105.21,66.51,136.52],
};
